# 1500 1500
[7935,9389 ,7793,9443 ,7673,9575 ,7574,9837 ,7531,10077 ,7498,10558 ,7498,12252 ,7542,12832 ,7673,13280 ,7804,13433 ,7891,13477 ,8121,13488 ,8219,13455 ,8340,13345 ,8427,13171 ,8482,12952 ,8536,12220 ,8536,10646 ,8493,10045 ,8372,9607 ,8197,9422 ,7935,9389 ]
[10646,8624 ,12056,8635 ,12067,13094 ,12242,13433 ,12504,13509 ,12865,13433 ,13061,13105 ,13050,8646 ,14264,8646 ,14275,13116 ,14056,13772 ,13619,14165 ,12952,14362 ,11892,14340 ,11258,14111 ,10832,13684 ,10635,12985 ,10646,8624 ]
[2011,8613 ,3410,8635 ,4066,10821 ,4787,8646 ,5990,8624 ,4700,11968 ,4700,14264 ,3290,14253 ,3268,12067 ,2011,8613 ]
[7913,8493 ,8427,8525 ,8853,8635 ,9203,8820 ,9520,9116 ,9706,9389 ,9913,9892 ,10034,10427 ,10099,11105 ,10099,11793 ,10012,12602 ,9859,13171 ,9684,13542 ,9378,13925 ,9017,14176 ,8580,14329 ,8132,14384 ,7553,14340 ,7170,14231 ,6842,14056 ,6525,13761 ,6263,13345 ,6099,12897 ,5935,11782 ,5935,11105 ,6011,10340 ,6143,9826 ,6350,9356 ,6613,9006 ,7028,8700 ,7476,8547 ,7913,8493 ]
[6296,6186 ,6296,6798 ,6285,6809 ,6296,6820 ,6296,6875 ,6492,6875 ,6503,6864 ,6536,6864 ,6547,6853 ,6602,6831 ,6678,6755 ,6678,6744 ,6700,6711 ,6700,6689 ,6722,6656 ,6722,6602 ,6733,6591 ,6733,6438 ,6722,6427 ,6722,6394 ,6711,6383 ,6711,6361 ,6700,6350 ,6678,6296 ,6624,6241 ,6613,6241 ,6591,6219 ,6580,6219 ,6569,6208 ,6547,6208 ,6536,6197 ,6503,6197 ,6492,6186 ,6296,6186 ]
[4459,6154 ,4405,6175 ,4361,6219 ,4306,6350 ,4295,6460 ,4285,6471 ,4285,6547 ,4274,6558 ,4263,7465 ,4274,7476 ,4285,7727 ,4328,7891 ,4383,7968 ,4459,8001 ,4525,8001 ,4591,7979 ,4634,7935 ,4667,7870 ,4711,7706 ,4722,7312 ,4733,7301 ,4722,7268 ,4722,7170 ,4733,7159 ,4733,7061 ,4722,7050 ,4733,7039 ,4733,6613 ,4722,6602 ,4711,6405 ,4689,6350 ,4689,6307 ,4645,6219 ,4602,6175 ,4558,6154 ,4459,6154 ]
[10941,5804 ,12668,5826 ,12679,6197 ,12657,6219 ,12121,6219 ,12121,8307 ,12089,8361 ,11487,8361 ,11466,8340 ,11466,6219 ,10930,6208 ,10919,5826 ,10941,5804 ]
[9422,5804 ,10864,5826 ,10832,6208 ,10056,6208 ,10056,6842 ,10646,6853 ,10635,7268 ,10056,7268 ,10056,7946 ,10864,7946 ,10875,8350 ,9400,8340 ,9422,5804 ]
[5673,5804 ,6547,5804 ,6831,5848 ,7050,5924 ,7290,6143 ,7389,6460 ,7356,6755 ,7225,6995 ,7017,7148 ,7345,8197 ,7367,8350 ,6722,8340 ,6427,7257 ,6296,7257 ,6285,8340 ,5640,8340 ,5640,6033 ,5673,5804 ]
[3552,5804 ,3574,5826 ,3563,6186 ,3541,6208 ,2787,6208 ,2776,6875 ,3334,6875 ,3355,6897 ,3355,7279 ,3290,7301 ,2776,7301 ,2765,8340 ,2131,8350 ,2153,5826 ,2175,5804 ,3552,5804 ]
[13444,5760 ,13837,5793 ,14100,5924 ,14285,6186 ,14351,6492 ,14329,6547 ,13772,6547 ,13750,6339 ,13673,6208 ,13466,6164 ,13302,6274 ,13280,6416 ,13356,6580 ,14143,7137 ,14329,7345 ,14438,7629 ,14417,7891 ,14264,8165 ,13979,8350 ,13673,8416 ,13291,8394 ,13007,8274 ,12832,8088 ,12722,7738 ,12733,7618 ,13291,7618 ,13345,7891 ,13422,7979 ,13531,8012 ,13706,7990 ,13837,7859 ,13848,7717 ,13783,7585 ,13641,7454 ,12996,7039 ,12799,6820 ,12701,6558 ,12712,6307 ,12821,6066 ,12963,5924 ,13138,5826 ,13444,5760 ]
[7990,5826 ,8274,5749 ,8744,5793 ,8984,5924 ,9148,6132 ,9214,6318 ,9214,6722 ,8657,6722 ,8624,6372 ,8569,6241 ,8471,6164 ,8318,6175 ,8263,6230 ,8165,6503 ,8143,7421 ,8176,7717 ,8263,7935 ,8372,7990 ,8493,7990 ,8591,7924 ,8646,7826 ,8689,7564 ,8449,7520 ,8449,7170 ,9236,7159 ,9236,8350 ,8963,8350 ,8864,8197 ,8733,8307 ,8471,8405 ,8110,8383 ,7782,8219 ,7564,7902 ,7487,7629 ,7443,7192 ,7498,6536 ,7585,6263 ,7695,6077 ,7990,5826 ]
[4438,5749 ,4689,5760 ,4864,5804 ,5050,5902 ,5192,6044 ,5301,6230 ,5356,6383 ,5432,6853 ,5410,7509 ,5356,7760 ,5235,8034 ,4984,8285 ,4776,8372 ,4569,8405 ,4208,8372 ,3924,8230 ,3815,8121 ,3694,7924 ,3618,7684 ,3574,7421 ,3563,6919 ,3596,6613 ,3672,6318 ,3760,6132 ,3869,5990 ,4033,5858 ,4186,5793 ,4438,5749 ]
[8121,2623 ,8099,2645 ,8099,2722 ,8077,2787 ,8077,2842 ,8066,2853 ,8066,2907 ,8044,2984 ,8044,3049 ,8012,3170 ,7990,3355 ,7968,3410 ,7968,3476 ,7957,3487 ,7924,3738 ,7902,3804 ,7880,4000 ,7859,4044 ,7859,4099 ,7837,4175 ,7837,4230 ,7848,4241 ,7870,4230 ,7913,4230 ,7924,4241 ,8143,4241 ,8154,4230 ,8350,4230 ,8361,4219 ,8350,4208 ,8340,4066 ,8318,3989 ,8329,3979 ,8318,3968 ,8318,3902 ,8296,3836 ,8274,3596 ,8252,3541 ,8241,3377 ,8219,3323 ,8187,3006 ,8165,2951 ,8165,2864 ,8143,2798 ,8143,2700 ,8121,2623 ]
[5662,2612 ,5651,2623 ,5651,2842 ,5640,2853 ,5640,2940 ,5651,2951 ,5640,2973 ,5640,2995 ,5651,3006 ,5651,3104 ,5640,3115 ,5640,3334 ,5651,3345 ,5651,3388 ,5640,3399 ,5651,3410 ,5651,3443 ,5640,3454 ,5640,3618 ,5651,3629 ,5793,3629 ,5804,3618 ,5902,3618 ,5913,3607 ,5990,3596 ,6110,3530 ,6164,3465 ,6208,3388 ,6208,3355 ,6219,3345 ,6219,3312 ,6230,3301 ,6230,3257 ,6241,3246 ,6241,2984 ,6230,2973 ,6230,2918 ,6219,2907 ,6219,2875 ,6186,2809 ,6186,2787 ,6154,2754 ,6154,2743 ,6099,2689 ,5990,2634 ,5935,2634 ,5924,2623 ,5826,2623 ,5815,2612 ,5804,2623 ,5793,2612 ,5662,2612 ]
[12274,2077 ,14209,2088 ,14198,2612 ,13127,2623 ,13127,3476 ,13903,3476 ,13925,3760 ,13903,4044 ,13116,4055 ,13116,4962 ,14231,4973 ,14220,5509 ,12242,5498 ,12274,2077 ]
[4798,2077 ,5837,2077 ,6460,2175 ,6700,2284 ,6919,2470 ,7028,2645 ,7083,2809 ,7115,3060 ,7083,3399 ,6984,3662 ,6842,3847 ,6689,3968 ,6394,4088 ,6132,4132 ,5640,4132 ,5607,5498 ,4765,5476 ,4798,2077 ]
[8831,2077 ,9400,5487 ,8569,5509 ,8427,4755 ,7749,4744 ,7618,5498 ,6908,5498 ,7574,2099 ,8831,2077 ]
[10646,2000 ,11116,2033 ,11498,2208 ,11750,2547 ,11859,3093 ,11848,3301 ,11094,3323 ,11050,2831 ,10963,2623 ,10843,2547 ,10722,2547 ,10547,2711 ,10438,3268 ,10416,4153 ,10460,4700 ,10558,4962 ,10679,5028 ,10843,5028 ,10985,4929 ,11072,4733 ,11127,4230 ,11859,4263 ,11782,4897 ,11619,5214 ,11280,5476 ,10810,5574 ,10220,5487 ,10012,5367 ,9826,5181 ,9607,4722 ,9509,3989 ,9575,3115 ,9771,2569 ,9881,2405 ,10165,2153 ,10646,2000 ]
[3071,2011 ,3552,2011 ,3946,2142 ,4230,2416 ,4383,2875 ,4372,3049 ,3640,3049 ,3552,2656 ,3454,2569 ,3312,2536 ,3137,2558 ,2973,2754 ,2984,2973 ,3071,3104 ,4164,3891 ,4383,4153 ,4492,4416 ,4481,4864 ,4317,5170 ,4022,5410 ,3574,5552 ,2995,5541 ,2711,5443 ,2394,5159 ,2241,4744 ,2252,4503 ,2984,4503 ,3028,4820 ,3192,5006 ,3552,4995 ,3716,4820 ,3727,4602 ,3618,4416 ,2612,3727 ,2372,3476 ,2219,3159 ,2208,2743 ,2339,2437 ,2667,2142 ,3071,2011 ]
[700,667 ,721,15728 ,15739,15728 ,15739,656 ,700,667 ]
